[main]
x = 4567
y = 666
smth = 0.435000
text = a different string
vec = 50000.464844
years = 1
multiplier = 1.000000
hash = 1